   1.51089485E-14
   6.37106809E-14
   2.34948318E-13
   7.96622750E-13
   2.49391675E-12
   7.21949323E-12
   1.93536472E-11
   4.81240534E-11
   1.11198231E-10
   2.39243708E-10
   4.80322448E-10
   9.01951180E-10
   1.58802327E-09
   2.62826716E-09
   4.09992973E-09
   6.04455064E-09
   8.44578629E-09
   1.12156497E-08
   1.41951304E-08
   1.71711978E-08
   1.99071035E-08
   2.21787886E-08
   2.38085835E-08
   2.46887737E-08
   2.47910243E-08
   2.41617002E-08
   2.29064039E-08
   2.11687041E-08
   1.91079987E-08
   1.68803371E-08
   1.46243018E-08
   1.24525332E-08
   1.04483142E-08
   8.66291483E-09
   7.11765802E-09
   5.81091308E-09
   4.72483297E-09
   3.83148047E-09
   3.09825610E-09
   2.49257015E-09
   1.98561523E-09
   1.55497593E-09
   1.18578480E-09
   8.70280736E-10
   6.05929640E-10
   3.92651439E-10
   2.29976233E-10
   1.14973767E-10
   4.15068258E-11
   8.51617876E-13
  -1.67700038E-11
  -2.04638476E-11
  -1.73887710E-11
  -1.22563730E-11
  -7.54874462E-12
  -4.15176617E-12
  -2.06076020E-12
  -9.28297586E-13
  -3.80676854E-13
  -1.42363050E-13
  -4.86004500E-14
  -1.51503684E-14
  -4.29901620E-15
  -1.05460398E-15
   6.37106809E-14
   2.68672400E-13
   9.90883807E-13
   3.36005811E-12
   1.05201967E-11
   3.04579695E-11
   8.16609211E-11
   2.03084272E-10
   4.69332462E-10
   1.00994668E-09
   2.02802486E-09
   3.80902598E-09
   6.70791112E-09
   1.11047687E-08
   1.73275509E-08
   2.55539518E-08
   3.57175516E-08
   4.74492801E-08
   6.00795147E-08
   7.27093479E-08
   8.43381684E-08
   9.40172455E-08
   1.00992253E-07
   1.04803206E-07
   1.05324865E-07
   1.02747634E-07
   9.75128245E-08
   9.02231889E-08
   8.15497074E-08
   7.21505771E-08
   6.26115693E-08
   5.34100550E-08
   4.49003608E-08
   3.73021756E-08
   3.07088541E-08
   2.51169237E-08
   2.04544079E-08
   1.66066023E-08
   1.34388127E-08
   1.08158806E-08
   8.61790550E-09
   6.75111433E-09
   5.15271292E-09
   3.78912857E-09
   2.64832778E-09
   1.72843595E-09
   1.02605058E-09
   5.27723754E-10
   2.06885731E-10
   2.63980903E-11
  -5.51282665E-11
  -7.62031271E-11
  -6.71816769E-11
  -4.81818509E-11
  -2.99723961E-11
  -1.65901997E-11
  -8.27094383E-12
  -3.73764301E-12
  -1.53641151E-12
  -5.75644729E-13
  -1.96805368E-13
  -6.14237326E-14
  -1.74462360E-14
  -4.28292935E-15
   2.34948318E-13
   9.90883807E-13
   3.65485376E-12
   1.23950043E-11
   3.88133727E-11
   1.12388383E-10
   3.01372510E-10
   7.49619755E-10
   1.73271786E-09
   3.72937548E-09
   7.49048734E-09
   1.40721230E-08
   2.47886316E-08
   4.10493541E-08
   6.40735820E-08
   9.45278913E-08
   1.32178428E-07
   1.75672895E-07
   2.22545850E-07
   2.69479727E-07
   3.12774262E-07
   3.48913488E-07
   3.75092810E-07
   3.89590241E-07
   3.91918377E-07
   3.82756639E-07
   3.63714662E-07
   3.37003513E-07
   3.05092300E-07
   2.70409004E-07
   2.35119956E-07
   2.00995984E-07
   1.69357733E-07
   1.41030654E-07
   1.16374252E-07
   9.53906110E-08
   7.78287799E-08
   6.32794226E-08
   5.12580947E-08
   4.12764578E-08
   3.28994680E-08
   2.57848569E-08
   1.97008845E-08
   1.45203147E-08
   1.01930926E-08
   6.70572797E-09
   4.03951805E-09
   2.14006635E-09
   9.06268949E-10
   1.99482875E-10
  -1.33776115E-10
  -2.36173248E-10
  -2.20519450E-10
  -1.62201350E-10
  -1.02324670E-10
  -5.71393176E-11
  -2.86574549E-11
  -1.30060546E-11
  -5.36350565E-12
  -2.01450965E-12
  -6.90079992E-13
  -2.15715209E-13
  -6.13477707E-14
  -1.50749808E-14
   7.96622750E-13
   3.36005811E-12
   1.23950043E-11
   4.20418249E-11
   1.31667899E-10
   3.81319948E-10
   1.02269893E-09
   2.54430077E-09
   5.88228977E-09
   1.26635218E-08
   2.54412171E-08
   4.78087614E-08
   8.42427141E-08
   1.39550437E-07
   2.17903235E-07
   3.21603636E-07
   4.49900540E-07
   5.98241570E-07
   7.58282624E-07
   9.18765181E-07
   1.06710513E-06
   1.19131596E-06
   1.28180295E-06
   1.33263154E-06
   1.34205288E-06
   1.31228546E-06
   1.24871985E-06
   1.15880869E-06
   1.05090339E-06
   9.33238994E-07
   8.13182965E-07
   6.96778443E-07
   5.88554769E-07
   4.91367643E-07
   4.06492433E-07
   3.33991437E-07
   2.73067428E-07
   2.22383264E-07
   1.80342155E-07
   1.45326382E-07
   1.15888142E-07
   9.08812297E-08
   6.95206026E-08
   5.13634930E-08
   3.62203387E-08
   2.40219222E-08
   1.46824819E-08
   7.99980082E-09
   3.61914321E-09
   1.06353704E-09
  -1.91330243E-10
  -6.32323971E-10
  -6.45776044E-10
  -4.92185181E-10
  -3.16391247E-10
  -1.78720788E-10
  -9.03262326E-11
  -4.12179943E-11
  -1.70663535E-11
  -6.42984841E-12
  -2.20791506E-12
  -6.91521764E-13
  -1.96971549E-13
  -4.84590531E-14
   2.49391675E-12
   1.05201967E-11
   3.88133727E-11
   1.31667899E-10
   4.12427703E-10
   1.19463039E-09
   3.20460902E-09
   7.97419197E-09
   1.84401401E-08
   3.97083078E-08
   7.97965853E-08
   1.49997859E-07
   2.64395396E-07
   4.38138159E-07
   6.84412385E-07
   1.01057230E-06
   1.41441012E-06
   1.88178774E-06
   2.38663551E-06
   2.89367517E-06
   3.36338121E-06
   3.75800664E-06
   4.04722186E-06
   4.21211780E-06
   4.24689142E-06
   4.15819432E-06
   3.96267114E-06
   3.68350129E-06
   3.34675792E-06
   2.97822930E-06
   2.60105412E-06
   2.23428242E-06
   1.89226841E-06
   1.58414537E-06
   1.31409627E-06
   1.08250310E-06
   8.87051556E-07
   7.23727624E-07
   5.87688589E-07
   4.74000984E-07
   3.78227952E-07
   2.96834116E-07
   2.27369341E-07
   1.68414374E-07
   1.19313384E-07
   7.97737982E-08
   4.94534866E-08
   2.76594232E-08
   1.32393705E-08
   4.67442529E-09
   3.07072257E-10
  -1.40033174E-09
  -1.67260661E-09
  -1.34361755E-09
  -8.86493490E-10
  -5.08501796E-10
  -2.59586935E-10
  -1.19286872E-10
  -4.96442609E-11
  -1.87765012E-11
  -6.46711374E-12
  -2.03039517E-12
  -5.79453911E-13
  -1.42765479E-13
   7.21949323E-12
   3.04579695E-11
   1.12388383E-10
   3.81319948E-10
   1.19463039E-09
   3.46100681E-09
   9.28613186E-09
   2.31124435E-08
   5.34603970E-08
   1.15151181E-07
   2.31473777E-07
   4.35256823E-07
   7.67487791E-07
   1.27233432E-06
   1.98837347E-06
   2.93735820E-06
   4.11335441E-06
   5.47579566E-06
   6.94938672E-06
   8.43190173E-06
   9.80851291E-06
   1.09692501E-05
   1.18253884E-05
   1.23211457E-05
   1.24386816E-05
   1.21963203E-05
   1.16415122E-05
   1.08408658E-05
   9.86963369E-06
   8.80248081E-06
   7.70662245E-06
   6.63761193E-06
   5.63754975E-06
   4.73347791E-06
   3.93809933E-06
   3.25310361E-06
   2.67235623E-06
   2.18477658E-06
   1.77683762E-06
   1.43467389E-06
   1.14575244E-06
   9.00019643E-07
   6.90424599E-07
   5.12774022E-07
   3.64991848E-07
   2.46007033E-07
   1.54606468E-07
   8.85979006E-08
   4.45111645E-08
   1.78608008E-08
   3.78820175E-09
  -2.20990004E-09
  -3.73571041E-09
  -3.26689209E-09
  -2.23892505E-09
  -1.31192535E-09
  -6.78824830E-10
  -3.14827969E-10
  -1.31898215E-10
  -5.01362389E-11
  -1.73349651E-11
  -5.45906289E-12
  -1.56176179E-12
  -3.85489275E-13
   1.93536472E-11
   8.16609211E-11
   3.01372510E-10
   1.02269893E-09
   3.20460902E-09
   9.28613186E-09
   2.49210608E-08
   6.20420550E-08
   1.43546060E-07
   3.09284047E-07
   6.21918275E-07
   1.16985814E-06
   2.06362301E-06
   3.42253838E-06
   5.35121080E-06
   7.90931881E-06
   1.10823021E-05
   1.47624869E-05
   1.87485293E-05
   2.27661112E-05
   2.65062245E-05
   2.96720173E-05
   3.20229337E-05
   3.34063807E-05
   3.37714664E-05
   3.31645751E-05
   3.17107515E-05
   2.95871032E-05
   2.69946722E-05
   2.41336456E-05
   2.11848674E-05
   1.82984331E-05
   1.55887828E-05
   1.31301531E-05
   1.09583161E-05
   9.07947651E-06
   7.47882541E-06
   6.12821668E-06
   4.99282032E-06
   4.03669401E-06
   3.22717597E-06
   2.53788699E-06
   1.95010625E-06
   1.45240972E-06
   1.03877517E-06
   7.05727643E-07
   4.49397362E-07
   2.63374744E-07
   1.37955141E-07
   6.08322779E-08
   1.87743758E-08
  -4.73849293E-10
  -6.76069645E-09
  -6.93393254E-09
  -5.04664266E-09
  -3.05104209E-09
  -1.60890923E-09
  -7.55656815E-10
  -3.19422516E-10
  -1.22220595E-10
  -4.24724249E-11
  -1.34282845E-11
  -3.85372073E-12
  -9.53440560E-13
   4.81240534E-11
   2.03084272E-10
   7.49619755E-10
   2.54430077E-09
   7.97419197E-09
   2.31124435E-08
   6.20420550E-08
   1.54498579E-07
   3.57568609E-07
   7.70668578E-07
   1.55024009E-06
   2.91722040E-06
   5.14817475E-06
   8.54233167E-06
   1.33630574E-05
   1.97624740E-05
   2.77080744E-05
   3.69350528E-05
   4.69441875E-05
   5.70526317E-05
   6.64888139E-05
   7.45090656E-05
   8.05078744E-05
   8.40974535E-05
   8.51429359E-05
   8.37521729E-05
   8.02301729E-05
   7.50133477E-05
   6.85996565E-05
   6.14869059E-05
   5.41264890E-05
   4.68947583E-05
   4.00805147E-05
   3.38730169E-05
   2.83658010E-05
   2.35787847E-05
   1.94794993E-05
   1.60021427E-05
   1.30639737E-05
   1.05789768E-05
   8.46855073E-06
   6.66878987E-06
   5.13380473E-06
   3.83488896E-06
   2.75601860E-06
   1.88707372E-06
   1.21685866E-06
   7.28029875E-07
   3.95343562E-07
   1.87367476E-07
   7.05470882E-08
   1.38186671E-08
  -7.90662913E-09
  -1.22742296E-08
  -9.95714000E-09
  -6.32700914E-09
  -3.43223050E-09
  -1.64146474E-09
  -7.02569225E-10
  -2.71267814E-10
  -9.49124876E-11
  -3.01671188E-11
  -8.69359359E-12
  -2.15749315E-12
   1.11198231E-10
   4.69332462E-10
   1.73271786E-09
   5.88228977E-09
   1.84401401E-08
   5.34603970E-08
   1.43546060E-07
   3.57568609E-07
   8.27820543E-07
   1.78484152E-06
   3.59170622E-06
   6.76171931E-06
   1.19383740E-05
   1.98194775E-05
   3.10218456E-05
   4.59064686E-05
   6.44076426E-05
   8.59210195E-05
   1.09296750E-04
   1.32955247E-04
   1.55105678E-04
   1.74015702E-04
   1.88267601E-04
   1.96944282E-04
   1.99712915E-04
   1.96803754E-04
   1.88906459E-04
   1.77019203E-04
   1.62287601E-04
   1.45861777E-04
   1.28788932E-04
   1.11946443E-04
   9.60121251E-05
   8.14349332E-05
   6.84423576E-05
   5.70915181E-05
   4.73182045E-05
   3.89807574E-05
   3.18976963E-05
   2.58787841E-05
   2.07492212E-05
   1.63659479E-05
   1.26250825E-05
   9.46009095E-06
   6.83183907E-06
   4.71366548E-06
   3.07603614E-06
   1.87545209E-06
   1.05072797E-06
   5.26955148E-07
   2.24702944E-07
   7.04427947E-08
   4.46039294E-09
  -1.57475615E-08
  -1.64561840E-08
  -1.14477459E-08
  -6.50405241E-09
  -3.19837201E-09
  -1.39443657E-09
  -5.45464784E-10
  -1.92696345E-10
  -6.16989376E-11
  -1.78823414E-11
  -4.45650591E-12
   2.39243708E-10
   1.00994668E-09
   3.72937548E-09
   1.26635218E-08
   3.97083078E-08
   1.15151181E-07
   3.09284047E-07
   7.70668578E-07
   1.78484152E-06
   3.84975237E-06
   7.75031913E-06
   1.45975227E-05
   2.57863539E-05
   4.28332787E-05
   6.70849549E-05
   9.93405483E-05
   1.39481039E-04
   1.86224162E-04
   2.37104920E-04
   2.88720912E-04
   3.37200530E-04
   3.78783821E-04
   4.10376844E-04
   4.29956737E-04
   4.36757458E-04
   4.31229419E-04
   4.14820533E-04
   3.89654015E-04
   3.58182413E-04
   3.22879525E-04
   2.86007882E-04
   2.49472883E-04
   2.14757223E-04
   1.82853648E-04
   1.54277834E-04
   1.29178210E-04
   1.07441469E-04
   8.87868737E-05
   7.28465457E-05
   5.92313736E-05
   4.75818088E-05
   3.76018106E-05
   2.90741991E-05
   2.18567729E-05
   1.58618150E-05
   1.10254769E-05
   7.27643101E-06
   4.51340429E-06
   2.59794479E-06
   1.36308086E-06
   6.32810213E-07
   2.44135435E-07
   6.38804210E-08
  -3.93027078E-09
  -1.99287165E-08
  -1.71696612E-08
  -1.06505693E-08
  -5.49279111E-09
  -2.46683651E-09
  -9.84550552E-10
  -3.52867069E-10
  -1.14208636E-10
  -3.33752609E-11
  -8.36733807E-12
   4.80322448E-10
   2.02802486E-09
   7.49048734E-09
   2.54412171E-08
   7.97965853E-08
   2.31473777E-07
   6.21918275E-07
   1.55024009E-06
   3.59170622E-06
   7.75031913E-06
   1.56102324E-05
   2.94165111E-05
   5.19930472E-05
   8.64178510E-05
   1.35437862E-04
   2.00707422E-04
   2.82037247E-04
   3.76892945E-04
   4.80346003E-04
   5.85557485E-04
   6.84713887E-04
   7.70194747E-04
   8.35692510E-04
   8.77036306E-04
   8.92577809E-04
   8.83121858E-04
   8.51495774E-04
   8.01907678E-04
   7.39253534E-04
   6.68497523E-04
   5.94201672E-04
   5.20229398E-04
   4.49609826E-04
   3.84393934E-04
   3.25673260E-04
   2.73800368E-04
   2.28601057E-04
   1.89563347E-04
   1.55997710E-04
   1.27167499E-04
   1.02388360E-04
   8.10939455E-05
   6.28651323E-05
   4.74220506E-05
   3.45844201E-05
   2.42128644E-05
   1.61492226E-05
   1.01742853E-05
   5.99499162E-06
   3.26233453E-06
   1.61020148E-06
   6.99133807E-07
   2.49938637E-07
   5.88246074E-08
  -5.72952663E-09
  -1.80284143E-08
  -1.40465133E-08
  -7.99181166E-09
  -3.79030585E-09
  -1.56583535E-09
  -5.74616243E-10
  -1.89182933E-10
  -5.59932517E-11
  -1.41654284E-11
   9.01951180E-10
   3.80902598E-09
   1.40721230E-08
   4.78087614E-08
   1.49997859E-07
   4.35256823E-07
   1.16985814E-06
   2.91722040E-06
   6.76171931E-06
   1.45975227E-05
   2.94165111E-05
   5.54646067E-05
   9.80925615E-05
   1.63149511E-04
   2.55883468E-04
   3.79504374E-04
   5.33760176E-04
   7.13975693E-04
   9.10939183E-04
   1.11179345E-03
   1.30178395E-03
   1.46645424E-03
   1.59376208E-03
   1.67564990E-03
   1.70879404E-03
   1.69449986E-03
   1.63791061E-03
   1.54681411E-03
   1.43034442E-03
   1.29781570E-03
   1.15783280E-03
   1.01772591E-03
   8.83288565E-04
   7.58488372E-04
   6.45487569E-04
   5.45057177E-04
   4.56976122E-04
   3.80386598E-04
   3.14093282E-04
   2.56804866E-04
   2.07315883E-04
   1.64625380E-04
   1.27987951E-04
   9.68977183E-05
   7.10158420E-05
   5.00648057E-05
   3.37220335E-05
   2.15457403E-05
   1.29544806E-05
   7.26234566E-06
   3.75214245E-06
   1.75748676E-06
   7.26318774E-07
   2.50386563E-07
   6.06945392E-08
   2.29395378E-10
  -1.12433991E-08
  -8.77132589E-09
  -4.73897632E-09
  -2.10236029E-09
  -8.06811895E-10
  -2.73860906E-10
  -8.28442731E-11
  -2.12765222E-11
   1.58802327E-09
   6.70791112E-09
   2.47886316E-08
   8.42427141E-08
   2.64395396E-07
   7.67487791E-07
   2.06362301E-06
   5.14817475E-06
   1.19383740E-05
   2.57863539E-05
   5.19930472E-05
   9.80925615E-05
   1.73599023E-04
   2.88945361E-04
   4.53546236E-04
   6.73255126E-04
   9.47830325E-04
   1.26920536E-03
   1.62124785E-03
   1.98129518E-03
   2.32321280E-03
   2.62126583E-03
   2.85387086E-03
   3.00640450E-03
   3.07257217E-03
   3.05427052E-03
   2.96023092E-03
   2.80393986E-03
   2.60135927E-03
   2.36886879E-03
   2.12168670E-03
   1.87286001E-03
   1.63278694E-03
   1.40867184E-03
   1.20453199E-03
   1.02192746E-03
   8.60666798E-04
   7.19433476E-04
   5.96311351E-04
   4.89204656E-04
   3.96150077E-04
   3.15516023E-04
   2.46085168E-04
   1.87022350E-04
   1.37748517E-04
   9.77605814E-05
   6.64529362E-05
   4.29956526E-05
   2.63051988E-05
   1.51105896E-05
   8.08445839E-06
   3.98938437E-06
   1.79207859E-06
   7.18281626E-07
   2.47583671E-07
   6.71190605E-08
   9.66483871E-09
  -3.36256067E-09
  -3.75544973E-09
  -2.09108508E-09
  -8.99104957E-10
  -3.26724647E-10
  -1.03373567E-10
  -2.73386765E-11
   2.62826716E-09
   1.11047687E-08
   4.10493541E-08
   1.39550437E-07
   4.38138159E-07
   1.27233432E-06
   3.42253838E-06
   8.54233167E-06
   1.98194775E-05
   4.28332787E-05
   8.64178510E-05
   1.63149511E-04
   2.88945361E-04
   4.81318944E-04
   7.56172580E-04
   1.12356478E-03
   1.58346805E-03
   2.12283735E-03
   2.71513709E-03
   3.32281715E-03
   3.90234566E-03
   4.41061938E-03
   4.81122499E-03
   5.07916370E-03
   5.20320889E-03
   5.18576382E-03
   5.04068192E-03
   4.78986558E-03
   4.45950450E-03
   4.07666294E-03
   3.66664072E-03
   3.25127738E-03
   2.84813112E-03
   2.46951100E-03
   2.12243339E-03
   1.80983357E-03
   1.53173762E-03
   1.28630584E-03
   1.07070128E-03
   8.81778134E-04
   7.16585491E-04
   5.72680729E-04
   4.48251376E-04
   3.42051964E-04
   2.53193342E-04
   1.80850315E-04
   1.23977254E-04
   8.11196223E-05
   5.03773081E-05
   2.95235932E-05
   1.62296947E-05
   8.31420948E-06
   3.93971459E-06
   1.71108968E-06
   6.72781198E-07
   2.34955039E-07
   7.03657150E-08
   1.66090395E-08
   2.16548535E-09
  -5.31882816E-10
  -5.43381951E-10
  -2.60057975E-10
  -9.45995643E-11
  -2.70677508E-11
   4.09992973E-09
   1.73275509E-08
   6.40735820E-08
   2.17903235E-07
   6.84412385E-07
   1.98837347E-06
   5.35121080E-06
   1.33630574E-05
   3.10218456E-05
   6.70849549E-05
   1.35437862E-04
   2.55883468E-04
   4.53546236E-04
   7.56172580E-04
   1.18912407E-03
   1.76873489E-03
   2.49561062E-03
   3.34993843E-03
   4.29061707E-03
   5.25901373E-03
   6.18675165E-03
   7.00572552E-03
   7.65794795E-03
   8.10305402E-03
   8.32213555E-03
   8.31766706E-03
   8.11021961E-03
   7.73322303E-03
   7.22712371E-03
   6.63404027E-03
   5.99361490E-03
   5.34031400E-03
   4.70210612E-03
   4.09882842E-03
   3.54202976E-03
   3.03686247E-03
   2.58392585E-03
   2.18090392E-03
   1.82392797E-03
   1.50864210E-03
   1.23097107E-03
   9.87584470E-04
   7.76057655E-04
   5.94751793E-04
   4.42471966E-04
   3.18010658E-04
   2.19713722E-04
   1.45202663E-04
   9.13363547E-05
   5.44161339E-05
   3.05560134E-05
   1.60918844E-05
   7.90792728E-06
   3.60705508E-06
   1.51825145E-06
   5.85724990E-07
   2.05356898E-07
   6.46624372E-08
   1.79459576E-08
   4.23666169E-09
   7.79263654E-10
   7.58274207E-11
  -1.68111705E-11
  -1.12339140E-11
   6.04455064E-09
   2.55539518E-08
   9.45278913E-08
   3.21603636E-07
   1.01057230E-06
   2.93735820E-06
   7.90931881E-06
   1.97624740E-05
   4.59064686E-05
   9.93405483E-05
   2.00707422E-04
   3.79504374E-04
   6.73255126E-04
   1.12356478E-03
   1.76873489E-03
   2.63390550E-03
   3.72104021E-03
   5.00182016E-03
   6.41615037E-03
   7.87751470E-03
   9.28436313E-03
   1.05348928E-02
   1.15416925E-02
   1.22430259E-02
   1.26087386E-02
   1.26403868E-02
   1.23665845E-02
   1.18353916E-02
   1.11057395E-02
   1.02395285E-02
   9.29544866E-03
   8.32492579E-03
   7.37009011E-03
   6.46117982E-03
   5.61614847E-03
   4.84346459E-03
   4.14485903E-03
   3.51776602E-03
   2.95734894E-03
   2.45807320E-03
   2.01481488E-03
   1.62350794E-03
   1.28133339E-03
   9.86495521E-04
   7.37681286E-04
   5.33366925E-04
   3.71175935E-04
   2.47483171E-04
   1.57386312E-04
   9.50453177E-05
   5.42721427E-05
   2.91811593E-05
   1.47149958E-05
   6.93190941E-06
   3.03894944E-06
   1.23519806E-06
   4.63714542E-07
   1.60167204E-07
   5.06862818E-08
   1.46266572E-08
   3.82679044E-09
   9.00829578E-10
   1.88637952E-10
   3.38549119E-11
   8.44578629E-09
   3.57175516E-08
   1.32178428E-07
   4.49900540E-07
   1.41441012E-06
   4.11335441E-06
   1.10823021E-05
   2.77080744E-05
   6.44076426E-05
   1.39481039E-04
   2.82037247E-04
   5.33760176E-04
   9.47830325E-04
   1.58346805E-03
   2.49561062E-03
   3.72104021E-03
   5.26418211E-03
   7.08687864E-03
   9.10597108E-03
   1.12005025E-02
   1.32274730E-02
   1.50425080E-02
   1.65205244E-02
   1.75718237E-02
   1.81507375E-02
   1.82561800E-02
   1.79254487E-02
   1.72237493E-02
   1.62322894E-02
   1.50371939E-02
   1.37207843E-02
   1.23557886E-02
   1.10023888E-02
   9.70428623E-03
   8.48789979E-03
   7.36630429E-03
   6.34311512E-03
   5.41595882E-03
   4.57934756E-03
   3.82689200E-03
   3.15283518E-03
   2.55290512E-03
   2.02450110E-03
   1.56629353E-03
   1.17738254E-03
   8.56264436E-04
   5.99897874E-04
   4.03150276E-04
   2.58791610E-04
   1.58034076E-04
   9.14442498E-05
   4.99492417E-05
   2.56632229E-05
   1.23604204E-05
   5.56309169E-06
   2.33279002E-06
   9.08915638E-07
   3.28223251E-07
   1.09602077E-07
   3.37731727E-08
   9.58553148E-09
   2.50140886E-09
   5.98218086E-10
   1.26065838E-10
   1.12156497E-08
   4.74492801E-08
   1.75672895E-07
   5.98241570E-07
   1.88178774E-06
   5.47579566E-06
   1.47624869E-05
   3.69350528E-05
   8.59210195E-05
   1.86224162E-04
   3.76892945E-04
   7.13975693E-04
   1.26920536E-03
   2.12283735E-03
   3.34993843E-03
   5.00182016E-03
   7.08687864E-03
   9.55657195E-03
   1.23017244E-02
   1.51616717E-02
   1.79449432E-02
   2.04567332E-02
   2.25266274E-02
   2.40304582E-02
   2.49023624E-02
   2.51360610E-02
   2.47770622E-02
   2.39090230E-02
   2.26380154E-02
   2.10777801E-02
   1.93379857E-02
   1.75163820E-02
   1.56947076E-02
   1.39329853E-02
   1.22681027E-02
   1.07190618E-02
   9.29223374E-03
   7.98607338E-03
   6.79502776E-03
   5.71253523E-03
   4.73306188E-03
   3.85317300E-03
   3.07166367E-03
   2.38887058E-03
   1.80538604E-03
   1.32052938E-03
   9.30998416E-04
   6.30090712E-04
   4.07728076E-04
   2.51280755E-04
   1.46939128E-04
   8.12354629E-05
   4.23159981E-05
   2.07024987E-05
   9.48423803E-06
   4.05737228E-06
   1.61679202E-06
   5.98743441E-07
   2.05647353E-07
   6.53925127E-08
   1.92214618E-08
   5.21527621E-09
   1.30184441E-09
   2.86359381E-10
   1.41951304E-08
   6.00795147E-08
   2.22545850E-07
   7.58282624E-07
   2.38663551E-06
   6.94938672E-06
   1.87485293E-05
   4.69441875E-05
   1.09296750E-04
   2.37104920E-04
   4.80346003E-04
   9.10939183E-04
   1.62124785E-03
   2.71513709E-03
   4.29061707E-03
   6.41615037E-03
   9.10597108E-03
   1.23017244E-02
   1.58670992E-02
   1.95987951E-02
   2.32523661E-02
   2.65770070E-02
   2.93510258E-02
   3.14101800E-02
   3.26637514E-02
   3.30969393E-02
   3.27615887E-02
   3.17593366E-02
   3.02218124E-02
   2.82919202E-02
   2.61087939E-02
   2.37976033E-02
   2.14641597E-02
   1.91870183E-02
   1.70151237E-02
   1.49745252E-02
   1.30751729E-02
   1.13170678E-02
   9.69538745E-03
   8.20441730E-03
   6.84017129E-03
   5.60169108E-03
   4.49105026E-03
   3.51221976E-03
   2.66913162E-03
   1.96343474E-03
   1.39253901E-03
   9.48495523E-04
   6.18043006E-04
   3.83811072E-04
   2.26331875E-04
   1.26293744E-04
   6.64626496E-05
   3.28825481E-05
   1.52498305E-05
   6.61132572E-06
   2.67267205E-06
   1.00518639E-06
   3.50998079E-07
   1.13589195E-07
   3.40141106E-08
   9.41069178E-09
   2.39696840E-09
   5.37331901E-10
   1.71711978E-08
   7.27093479E-08
   2.69479727E-07
   9.18765181E-07
   2.89367517E-06
   8.43190173E-06
   2.27661112E-05
   5.70526317E-05
   1.32955247E-04
   2.88720912E-04
   5.85557485E-04
   1.11179345E-03
   1.98129518E-03
   3.32281715E-03
   5.25901373E-03
   7.87751470E-03
   1.12005025E-02
   1.51616717E-02
   1.95987951E-02
   2.42661778E-02
   2.88654324E-02
   3.30875739E-02
   3.66564244E-02
   3.93638052E-02
   4.10900302E-02
   4.18078788E-02
   4.15721983E-02
   4.05000374E-02
   3.87468897E-02
   3.64839621E-02
   3.38797458E-02
   3.10873277E-02
   2.82375813E-02
   2.54286639E-02
   2.27223989E-02
   2.01525018E-02
   1.77330300E-02
   1.54661220E-02
   1.33485217E-02
   1.13765830E-02
   9.54958797E-03
   7.87128601E-03
   6.34968141E-03
   4.99526039E-03
   3.81812360E-03
   2.82470393E-03
   2.01491709E-03
   1.38050597E-03
   9.05053166E-04
   5.65663911E-04
   3.35840625E-04
   1.88754595E-04
   1.00096069E-04
   4.99264970E-05
   2.33539358E-05
   1.02167132E-05
   4.16949797E-06
   1.58370221E-06
   5.58696058E-07
   1.82719972E-07
   5.53091120E-08
   1.54713398E-08
   3.98419520E-09
   9.02121267E-10
   1.99071035E-08
   8.43381684E-08
   3.12774262E-07
   1.06710513E-06
   3.36338121E-06
   9.80851291E-06
   2.65062245E-05
   6.64888139E-05
   1.55105678E-04
   3.37200530E-04
   6.84713887E-04
   1.30178395E-03
   2.32321280E-03
   3.90234566E-03
   6.18675165E-03
   9.28436313E-03
   1.32274730E-02
   1.79449432E-02
   2.32523661E-02
   2.88654324E-02
   3.44349593E-02
   3.95956747E-02
   4.40171808E-02
   4.74458747E-02
   4.97301221E-02
   5.08261994E-02
   5.07873334E-02
   4.97413501E-02
   4.78633940E-02
   4.53494787E-02
   4.23947871E-02
   3.91785726E-02
   3.58558223E-02
   3.25438641E-02
   2.93171220E-02
   2.62167752E-02
   2.32609231E-02
   2.04540286E-02
   1.77949909E-02
   1.52834198E-02
   1.29237808E-02
   1.07272286E-02
   8.71109217E-03
   6.89623458E-03
   5.30288694E-03
   3.94589501E-03
   2.83055007E-03
   1.95008237E-03
   1.28551421E-03
   8.07905104E-04
   4.82352392E-04
   2.72648380E-04
   1.45428989E-04
   7.29714084E-05
   3.43422507E-05
   1.51175936E-05
   6.20878927E-06
   2.37349150E-06
   8.42769168E-07
   2.77429706E-07
   8.45276560E-08
   2.37984992E-08
   6.16770235E-09
   1.40447010E-09
   2.21787886E-08
   9.40172455E-08
   3.48913488E-07
   1.19131596E-06
   3.75800664E-06
   1.09692501E-05
   2.96720173E-05
   7.45090656E-05
   1.74015702E-04
   3.78783821E-04
   7.70194747E-04
   1.46645424E-03
   2.62126583E-03
   4.41061938E-03
   7.00572552E-03
   1.05348928E-02
   1.50425080E-02
   2.04567332E-02
   2.65770070E-02
   3.30875739E-02
   3.95956747E-02
   4.56858464E-02
   5.09774499E-02
   5.51727787E-02
   5.80868237E-02
   5.96555844E-02
   5.99252172E-02
   5.90280108E-02
   5.71523011E-02
   5.45129292E-02
   5.13266400E-02
   4.77947481E-02
   4.40933704E-02
   4.03568558E-02
   3.66705842E-02
   3.30819264E-02
   2.96120569E-02
   2.62672026E-02
   2.30484307E-02
   1.99594107E-02
   1.70116015E-02
   1.42264785E-02
   1.16346879E-02
   9.27227363E-03
   7.17477221E-03
   5.37041016E-03
   3.87402135E-03
   2.68322020E-03
   1.77784916E-03
   1.12282927E-03
   6.73580798E-04
   3.82516126E-04
   2.04964745E-04
   1.03306913E-04
   4.88343576E-05
   2.15910186E-05
   8.90563206E-06
   3.41888858E-06
   1.21903042E-06
   4.02933154E-07
   1.23257749E-07
   3.48381732E-08
   9.06261910E-09
   2.07047357E-09
   2.38085835E-08
   1.00992253E-07
   3.75092810E-07
   1.28180295E-06
   4.04722186E-06
   1.18253884E-05
   3.20229337E-05
   8.05078744E-05
   1.88267601E-04
   4.10376844E-04
   8.35692510E-04
   1.59376208E-03
   2.85387086E-03
   4.81122499E-03
   7.65794795E-03
   1.15416925E-02
   1.65205244E-02
   2.25266274E-02
   2.93510258E-02
   3.66564244E-02
   4.40171808E-02
   5.09774499E-02
   5.71138337E-02
   6.20886572E-02
   6.56839833E-02
   6.78125620E-02
   6.85078651E-02
   6.78992718E-02
   6.61803037E-02
   6.35766834E-02
   6.03195280E-02
   5.66260889E-02
   5.26886471E-02
   4.86547388E-02
   4.46176007E-02
   4.06282470E-02
   3.67088169E-02
   3.28656584E-02
   2.91010737E-02
   2.54228301E-02
   2.18506847E-02
   1.84192564E-02
   1.51768317E-02
   1.21802408E-02
   9.48668830E-03
   7.14417547E-03
   5.18271979E-03
   3.60852806E-03
   2.40264065E-03
   1.52435130E-03
   9.18354432E-04
   5.23606432E-04
   2.81621848E-04
   1.42448000E-04
   6.75629999E-05
   2.99665789E-05
   1.23976570E-05
   4.77315734E-06
   1.70655505E-06
   5.65543360E-07
   1.73427836E-07
   4.91334404E-08
   1.28094557E-08
   2.93203883E-09
   2.46887737E-08
   1.04803206E-07
   3.89590241E-07
   1.33263154E-06
   4.21211780E-06
   1.23211457E-05
   3.34063807E-05
   8.40974535E-05
   1.96944282E-04
   4.29956737E-04
   8.77036306E-04
   1.67564990E-03
   3.00640450E-03
   5.07916370E-03
   8.10305402E-03
   1.22430259E-02
   1.75718237E-02
   2.40304582E-02
   3.14101800E-02
   3.93638052E-02
   4.74458747E-02
   5.51727787E-02
   6.20886572E-02
   6.78225309E-02
   7.21259341E-02
   7.48866573E-02
   7.61203244E-02
   7.59459510E-02
   7.45534226E-02
   7.21703544E-02
   6.90336600E-02
   6.53688684E-02
   6.13779426E-02
   5.72162308E-02
   5.29803559E-02
   4.87210788E-02
   4.44580540E-02
   4.01947983E-02
   3.59326154E-02
   3.16822380E-02
   2.74721459E-02
   2.33524088E-02
   1.93932857E-02
   1.56785641E-02
   1.22945430E-02
   9.31682996E-03
   6.79783849E-03
   4.75805998E-03
   3.18330200E-03
   2.02852138E-03
   1.22698967E-03
   7.02127873E-04
   3.78892903E-04
   1.92227890E-04
   9.14243792E-05
   4.06515901E-05
   1.68566621E-05
   6.50343554E-06
   2.32961588E-06
   7.73367901E-07
   2.37536952E-07
   6.73942750E-08
   1.75934627E-08
   4.03154665E-09
   2.47910243E-08
   1.05324865E-07
   3.91918377E-07
   1.34205288E-06
   4.24689142E-06
   1.24386816E-05
   3.37714664E-05
   8.51429359E-05
   1.99712915E-04
   4.36757458E-04
   8.92577809E-04
   1.70879404E-03
   3.07257217E-03
   5.20320889E-03
   8.32213555E-03
   1.26087386E-02
   1.81507375E-02
   2.49023624E-02
   3.26637514E-02
   4.10900302E-02
   4.97301221E-02
   5.80868237E-02
   6.56839833E-02
   7.21259341E-02
   7.71379322E-02
   8.05826411E-02
   8.24538320E-02
   8.28532949E-02
   8.19587857E-02
   7.99905881E-02
   7.71823153E-02
   7.37593547E-02
   6.99258149E-02
   6.58383667E-02
   6.15913458E-02
   5.72300926E-02
   5.27669340E-02
   4.81981002E-02
   4.35200967E-02
   3.87440138E-02
   3.39061804E-02
   2.90735103E-02
   2.43422184E-02
   1.98294632E-02
   1.56589504E-02
   1.19430637E-02
   8.76544882E-03
   6.16818108E-03
   4.14676126E-03
   2.65404512E-03
   1.61166512E-03
   9.25502332E-04
   5.01004630E-04
   2.54892133E-04
   1.21529367E-04
   5.41568370E-05
   2.25005697E-05
   8.69584892E-06
   3.11969688E-06
   1.03703758E-06
   3.18896753E-07
   9.05712625E-08
   2.36651534E-08
   5.42681322E-09
   2.41617002E-08
   1.02747634E-07
   3.82756639E-07
   1.31228546E-06
   4.15819432E-06
   1.21963203E-05
   3.31645751E-05
   8.37521729E-05
   1.96803754E-04
   4.31229419E-04
   8.83121858E-04
   1.69449986E-03
   3.05427052E-03
   5.18576382E-03
   8.31766706E-03
   1.26403868E-02
   1.82561800E-02
   2.51360610E-02
   3.30969393E-02
   4.18078788E-02
   5.08261994E-02
   5.96555844E-02
   6.78125620E-02
   7.48866573E-02
   8.05826411E-02
   8.47395137E-02
   8.73268098E-02
   8.84236693E-02
   8.81882682E-02
   8.68250430E-02
   8.45555961E-02
   8.15966651E-02
   7.81465918E-02
   7.43561983E-02
   7.03110024E-02
   6.60446286E-02
   6.15559034E-02
   5.68277575E-02
   5.18463999E-02
   4.66188937E-02
   4.11869362E-02
   3.56344208E-02
   3.00867353E-02
   2.47007646E-02
   1.96465310E-02
   1.50835998E-02
   1.11372666E-02
   7.88017642E-03
   5.32394322E-03
   3.42265330E-03
   2.08669272E-03
   1.20255176E-03
   6.53038325E-04
   3.33170465E-04
   1.59243224E-04
   7.11168759E-05
   2.96029739E-05
   1.14596460E-05
   4.11713563E-06
   1.37030611E-06
   4.21832311E-07
   1.19917274E-07
   3.13575796E-08
   7.19528392E-09
   2.29064039E-08
   9.75128245E-08
   3.63714662E-07
   1.24871985E-06
   3.96267114E-06
   1.16415122E-05
   3.17107515E-05
   8.02301729E-05
   1.88906459E-04
   4.14820533E-04
   8.51495774E-04
   1.63791061E-03
   2.96023092E-03
   5.04068192E-03
   8.11021961E-03
   1.23665845E-02
   1.79254487E-02
   2.47770622E-02
   3.27615887E-02
   4.15721983E-02
   5.07873334E-02
   5.99252172E-02
   6.85078651E-02
   7.61203244E-02
   8.24538320E-02
   8.73268098E-02
   9.06840265E-02
   9.25784409E-02
   9.31429192E-02
   9.25590545E-02
   9.10287127E-02
   8.87522027E-02
   8.59143510E-02
   8.26528221E-02
   7.90372416E-02
   7.50824288E-02
   7.07663298E-02
   6.60510510E-02
   6.09052591E-02
   5.53257205E-02
   4.93551493E-02
   4.30929624E-02
   3.66958566E-02
   3.03663723E-02
   2.43301131E-02
   1.88052449E-02
   1.39706545E-02
   9.94025636E-03
   6.74979715E-03
   4.35914751E-03
   2.66856956E-03
   1.54354586E-03
   8.40966764E-04
   4.30302433E-04
   2.06201395E-04
   9.22987674E-05
   3.84975283E-05
   1.49291936E-05
   5.37195501E-06
   1.79036442E-06
   5.51790720E-07
   1.57021603E-07
   4.10961150E-08
   9.43645695E-09
   2.11687041E-08
   9.02231889E-08
   3.37003513E-07
   1.15880869E-06
   3.68350129E-06
   1.08408658E-05
   2.95871032E-05
   7.50133477E-05
   1.77019203E-04
   3.89654015E-04
   8.01907678E-04
   1.54681411E-03
   2.80393986E-03
   4.78986558E-03
   7.73322303E-03
   1.18353916E-02
   1.72237493E-02
   2.39090230E-02
   3.17593366E-02
   4.05000374E-02
   4.97413501E-02
   5.90280108E-02
   6.78992718E-02
   7.59459510E-02
   8.28532949E-02
   8.84236693E-02
   9.25784409E-02
   9.53429714E-02
   9.68213081E-02
   9.71670598E-02
   9.65563506E-02
   9.51663852E-02
   9.31615606E-02
   9.06593353E-02
   8.77062827E-02
   8.42907652E-02
   8.03615600E-02
   7.58510903E-02
   7.07015097E-02
   6.48910850E-02
   5.84572181E-02
   5.15115671E-02
   4.42428738E-02
   3.69045399E-02
   2.97870450E-02
   2.31793858E-02
   1.73273813E-02
   1.23986062E-02
   8.46261065E-03
   5.49094193E-03
   3.37569206E-03
   1.96003658E-03
   1.07156590E-03
   5.49993245E-04
   2.64289294E-04
   1.18593576E-04
   4.95746572E-05
   1.92628231E-05
   6.94349001E-06
   2.31773265E-06
   7.15312808E-07
   2.03803481E-07
   5.33971303E-08
   1.22716539E-08
   1.91079987E-08
   8.15497074E-08
   3.05092300E-07
   1.05090339E-06
   3.34675792E-06
   9.86963369E-06
   2.69946722E-05
   6.85996565E-05
   1.62287601E-04
   3.58182413E-04
   7.39253534E-04
   1.43034442E-03
   2.60135927E-03
   4.45950450E-03
   7.22712371E-03
   1.11057395E-02
   1.62322894E-02
   2.26380154E-02
   3.02218124E-02
   3.87468897E-02
   4.78633940E-02
   5.71523011E-02
   6.61803037E-02
   7.45534226E-02
   8.19587857E-02
   8.81882682E-02
   9.31429192E-02
   9.68213081E-02
   9.92973298E-02
  0.100693792    
  0.101156943    
  0.100835852    
   9.98686850E-02
   9.83463973E-02
   9.62856188E-02
   9.36404318E-02
   9.03214887E-02
   8.62215832E-02
   8.12458694E-02
   7.53440782E-02
   6.85398951E-02
   6.09519817E-02
   5.28002419E-02
   4.43930849E-02
   3.60949188E-02
   2.82783415E-02
   2.12706532E-02
   1.53070930E-02
   1.05023449E-02
   6.84691686E-03
   4.22761450E-03
   2.46440805E-03
   1.35215803E-03
   6.96277944E-04
   3.35574994E-04
   1.50985361E-04
   6.32683004E-05
   2.46375694E-05
   8.89846160E-06
   2.97560769E-06
   9.19829347E-07
   2.62453341E-07
   6.88525077E-08
   1.58404454E-08
   1.68803371E-08
   7.21505771E-08
   2.70409004E-07
   9.33238994E-07
   2.97822930E-06
   8.80248081E-06
   2.41336456E-05
   6.14869059E-05
   1.45861777E-04
   3.22879525E-04
   6.68497523E-04
   1.29781570E-03
   2.36886879E-03
   4.07666294E-03
   6.63404027E-03
   1.02395285E-02
   1.50371939E-02
   2.10777801E-02
   2.82919202E-02
   3.64839621E-02
   4.53494787E-02
   5.45129292E-02
   6.35766834E-02
   7.21703544E-02
   7.99905881E-02
   8.68250430E-02
   9.25590545E-02
   9.71670598E-02
  0.100693792    
  0.103230573    
  0.104891755    
  0.105795071    
  0.106048092    
  0.105710022    
  0.104761265    
  0.103113979    
  0.100631490    
   9.71562043E-02
   9.25445855E-02
   8.67060348E-02
   7.96402395E-02
   7.14655593E-02
   6.24303780E-02
   5.29009737E-02
   4.33241315E-02
   3.41690518E-02
   2.58600023E-02
   1.87153202E-02
   1.29077388E-02
   8.45541339E-03
   5.24373958E-03
   3.06907156E-03
   1.69014977E-03
   8.73271958E-04
   4.22184006E-04
   1.90492661E-04
   8.00305352E-05
   3.12389820E-05
   1.13071856E-05
   3.78856089E-06
   1.17324851E-06
   3.35312535E-07
   8.80973943E-08
   2.02930917E-08
   1.46243018E-08
   6.26115693E-08
   2.35119956E-07
   8.13182965E-07
   2.60105412E-06
   7.70662245E-06
   2.11848674E-05
   5.41264890E-05
   1.28788932E-04
   2.86007882E-04
   5.94201672E-04
   1.15783280E-03
   2.12168670E-03
   3.66664072E-03
   5.99361490E-03
   9.29544866E-03
   1.37207843E-02
   1.93379857E-02
   2.61087939E-02
   3.38797458E-02
   4.23947871E-02
   5.13266400E-02
   6.03195280E-02
   6.90336600E-02
   7.71823153E-02
   8.45555961E-02
   9.10287127E-02
   9.65563506E-02
  0.101156943    
  0.104891755    
  0.107843280    
  0.110096551    
  0.111725867    
  0.112754673    
  0.113121830    
  0.112690471    
  0.111267477    
  0.108633786    
  0.104584552    
   9.89757627E-02
   9.17709917E-02
   8.30790773E-02
   7.31722564E-02
   6.24759980E-02
   5.15269712E-02
   4.09037769E-02
   3.11437193E-02
   2.26647668E-02
   1.57120004E-02
   1.03412364E-02
   6.44135103E-03
   3.78525327E-03
   2.09232932E-03
   1.08479161E-03
   5.26107906E-04
   2.38078675E-04
   1.00292404E-04
   3.92452857E-05
   1.42376557E-05
   4.78049651E-06
   1.48330594E-06
   4.24682611E-07
   1.11758936E-07
   2.57785171E-08
   1.24525332E-08
   5.34100550E-08
   2.00995984E-07
   6.96778443E-07
   2.23428242E-06
   6.63761193E-06
   1.82984331E-05
   4.68947583E-05
   1.11946443E-04
   2.49472883E-04
   5.20229398E-04
   1.01772591E-03
   1.87286001E-03
   3.25127738E-03
   5.34031400E-03
   8.32492579E-03
   1.23557886E-02
   1.75163820E-02
   2.37976033E-02
   3.10873277E-02
   3.91785726E-02
   4.77947481E-02
   5.66260889E-02
   6.53688684E-02
   7.37593547E-02
   8.15966651E-02
   8.87522027E-02
   9.51663852E-02
  0.100835852    
  0.105795071    
  0.110096551    
  0.113793142    
  0.116924815    
  0.119476773    
  0.121342212    
  0.122329056    
  0.122179195    
  0.120601125    
  0.117315710    
  0.112111486    
  0.104902424    
   9.57768038E-02
   8.50242153E-02
   7.31288269E-02
   6.07233532E-02
   4.85079102E-02
   3.71488743E-02
   2.71810126E-02
   1.89370606E-02
   1.25216395E-02
   7.83296861E-03
   4.62135440E-03
   2.56391568E-03
   1.33383740E-03
   6.48942718E-04
   2.94528028E-04
   1.24410057E-04
   4.88055703E-05
   1.77473739E-05
   5.97182407E-06
   1.85666295E-06
   5.32560648E-07
   1.40384969E-07
   3.24275184E-08
   1.04483142E-08
   4.49003608E-08
   1.69357733E-07
   5.88554769E-07
   1.89226841E-06
   5.63754975E-06
   1.55887828E-05
   4.00805147E-05
   9.60121251E-05
   2.14757223E-04
   4.49609826E-04
   8.83288565E-04
   1.63278694E-03
   2.84813112E-03
   4.70210612E-03
   7.37009011E-03
   1.10023888E-02
   1.56947076E-02
   2.14641597E-02
   2.82375813E-02
   3.58558223E-02
   4.40933704E-02
   5.26886471E-02
   6.13779426E-02
   6.99258149E-02
   7.81465918E-02
   8.59143510E-02
   9.31615606E-02
   9.98686850E-02
  0.106048092    
  0.111725867    
  0.116924815    
  0.121651240    
  0.125851244    
  0.129369617    
  0.131954208    
  0.133274391    
  0.132955998    
  0.130632818    
  0.126011670    
  0.118942492    
  0.109480560    
   9.79244709E-02
   8.48146453E-02
   7.08842427E-02
   5.69655895E-02
   4.38694358E-02
   3.22644077E-02
   2.25866362E-02
   1.50014414E-02
   9.42311343E-03
   5.58094028E-03
   3.10738431E-03
   1.62195531E-03
   7.91564351E-04
   3.60293488E-04
   1.52597539E-04
   6.00125168E-05
   2.18731020E-05
   7.37591017E-06
   2.29777220E-06
   6.60305318E-07
   1.74353929E-07
   4.03315568E-08
   8.66291483E-09
   3.73021756E-08
   1.41030654E-07
   4.91367643E-07
   1.58414537E-06
   4.73347791E-06
   1.31301531E-05
   3.38730169E-05
   8.14349332E-05
   1.82853648E-04
   3.84393934E-04
   7.58488372E-04
   1.40867184E-03
   2.46951100E-03
   4.09882842E-03
   6.46117982E-03
   9.70428623E-03
   1.39329853E-02
   1.91870183E-02
   2.54286639E-02
   3.25438641E-02
   4.03568558E-02
   4.86547388E-02
   5.72162308E-02
   6.58383667E-02
   7.43561983E-02
   8.26528221E-02
   9.06593353E-02
   9.83463973E-02
  0.105710022    
  0.112754673    
  0.119476773    
  0.125851244    
  0.131785735    
  0.137075737    
  0.141405821    
  0.144367039    
  0.145493716    
  0.144321054    
  0.140460327    
  0.133682966    
  0.123997897    
  0.111702695    
   9.73894075E-02
   8.18934515E-02
   6.61877170E-02
   5.12406491E-02
   3.78704965E-02
   2.66319979E-02
   1.77632459E-02
   1.12019554E-02
   6.65885396E-03
   3.72024067E-03
   1.94803975E-03
   9.53528972E-04
   4.35216090E-04
   1.84805453E-04
   7.28535742E-05
   2.66127081E-05
   8.99282986E-06
   2.80689619E-06
   8.08057962E-07
   2.13719545E-07
   4.95063368E-08
   7.11765802E-09
   3.07088541E-08
   1.16374252E-07
   4.06492433E-07
   1.31409627E-06
   3.93809933E-06
   1.09583161E-05
   2.83658010E-05
   6.84423576E-05
   1.54277834E-04
   3.25673260E-04
   6.45487569E-04
   1.20453199E-03
   2.12243339E-03
   3.54202976E-03
   5.61614847E-03
   8.48789979E-03
   1.22681027E-02
   1.70151237E-02
   2.27223989E-02
   2.93171220E-02
   3.66705842E-02
   4.46176007E-02
   5.29803559E-02
   6.15913458E-02
   7.03110024E-02
   7.90372416E-02
   8.77062827E-02
   9.62856188E-02
  0.104761265    
  0.113121830    
  0.121342212    
  0.129369617    
  0.137075737    
  0.144207746    
  0.150386080    
  0.155120090    
  0.157846406    
  0.157992318    
  0.155061737    
  0.148734033    
  0.138958290    
  0.126019716    
  0.110554665    
   9.34991986E-02
   7.59711191E-02
   5.91061004E-02
   4.38847169E-02
   3.09935473E-02
   2.07547192E-02
   1.31370332E-02
   7.83614814E-03
   4.39210469E-03
   2.30676727E-03
   1.13228674E-03
   5.18157845E-04
   2.20561487E-04
   8.71468292E-05
   3.19012797E-05
   1.08011573E-05
   3.37750134E-06
   9.73980377E-07
   2.58006452E-07
   5.98439129E-08
   5.81091308E-09
   2.51169237E-08
   9.53906110E-08
   3.33991437E-07
   1.08250310E-06
   3.25310361E-06
   9.07947651E-06
   2.35787847E-05
   5.70915181E-05
   1.29178210E-04
   2.73800368E-04
   5.45057177E-04
   1.02192746E-03
   1.80983357E-03
   3.03686247E-03
   4.84346459E-03
   7.36630429E-03
   1.07190618E-02
   1.49745252E-02
   2.01525018E-02
   2.62167752E-02
   3.30819264E-02
   4.06282470E-02
   4.87210788E-02
   5.72300926E-02
   6.60446286E-02
   7.50824288E-02
   8.42907652E-02
   9.36404318E-02
  0.103113979    
  0.112690471    
  0.122329056    
  0.131954208    
  0.141405821    
  0.150386080    
  0.158453226    
  0.165035024    
  0.169467926    
  0.171065882    
  0.169216976    
  0.163497478    
  0.153784171    
  0.140337542    
  0.123828240    
  0.105286628    
   8.59741196E-02
   6.71971589E-02
   5.01060188E-02
   3.55284438E-02
   2.38798149E-02
   1.51673844E-02
   9.07640345E-03
   5.10255201E-03
   2.68741418E-03
   1.32257899E-03
   6.06715796E-04
   2.58844811E-04
   1.02489867E-04
   3.75918753E-05
   1.27512767E-05
   3.99411692E-06
   1.15362457E-06
   3.06039794E-07
   7.10725061E-08
   4.72483297E-09
   2.04544079E-08
   7.78287799E-08
   2.73067428E-07
   8.87051556E-07
   2.67235623E-06
   7.47882541E-06
   1.94794993E-05
   4.73182045E-05
   1.07441469E-04
   2.28601057E-04
   4.56976122E-04
   8.60666798E-04
   1.53173762E-03
   2.58392585E-03
   4.14485903E-03
   6.34311512E-03
   9.29223374E-03
   1.30751729E-02
   1.77330300E-02
   2.32609231E-02
   2.96120569E-02
   3.67088169E-02
   4.44580540E-02
   5.27669340E-02
   6.15559034E-02
   7.07663298E-02
   8.03615600E-02
   9.03214887E-02
  0.100631490    
  0.111267477    
  0.122179195    
  0.133274391    
  0.144367039    
  0.155120090    
  0.165035024    
  0.173462361    
  0.179641023    
  0.182771698    
  0.182123289    
  0.177162245    
  0.167682931    
  0.153908879    
  0.136531904    
  0.116664939    
   9.57040489E-02
   7.51216784E-02
   5.62373213E-02
   4.00231034E-02
   2.69932114E-02
   1.71997175E-02
   1.03232656E-02
   5.81963686E-03
   3.07303062E-03
   1.51600945E-03
   6.97015959E-04
   2.97994120E-04
   1.18221833E-04
   4.34411158E-05
   1.47603305E-05
   4.63070546E-06
   1.33944775E-06
   3.55813484E-07
   8.27252435E-08
   3.83148047E-09
   1.66066023E-08
   6.32794226E-08
   2.22383264E-07
   7.23727624E-07
   2.18477658E-06
   6.12821668E-06
   1.60021427E-05
   3.89807574E-05
   8.87868737E-05
   1.89563347E-04
   3.80386598E-04
   7.19433476E-04
   1.28630584E-03
   2.18090392E-03
   3.51776602E-03
   5.41595882E-03
   7.98607338E-03
   1.13170678E-02
   1.54661220E-02
   2.04540286E-02
   2.62672026E-02
   3.28656584E-02
   4.01947983E-02
   4.81981002E-02
   5.68277575E-02
   6.60510510E-02
   7.58510903E-02
   8.62215832E-02
   9.71562043E-02
  0.108633786    
  0.120601125    
  0.132955998    
  0.145493716    
  0.157846406    
  0.169467926    
  0.179641023    
  0.187515959    
  0.192187116    
  0.192808121    
  0.188734800    
  0.179673195    
  0.165798560    
  0.147808298    
  0.126879856    
  0.104525954    
   8.23696330E-02
   6.18888438E-02
   4.41949330E-02
   2.99011134E-02
   1.91086680E-02
   1.15004526E-02
   6.49981899E-03
   3.44036357E-03
   1.70098769E-03
   7.83678901E-04
   3.35689547E-04
   1.33415131E-04
   4.91056780E-05
   1.67108901E-05
   5.25020141E-06
   1.52066923E-06
   4.04449139E-07
   9.41300939E-08
   3.09825610E-09
   1.34388127E-08
   5.12580947E-08
   1.80342155E-07
   5.87688589E-07
   1.77683762E-06
   4.99282032E-06
   1.30639737E-05
   3.18976963E-05
   7.28465457E-05
   1.55997710E-04
   3.14093282E-04
   5.96311351E-04
   1.07070128E-03
   1.82392797E-03
   2.95734894E-03
   4.57934756E-03
   6.79502776E-03
   9.69538745E-03
   1.33485217E-02
   1.77949909E-02
   2.30484307E-02
   2.91010737E-02
   3.59326154E-02
   4.35200967E-02
   5.18463999E-02
   6.09052591E-02
   7.07015097E-02
   8.12458694E-02
   9.25445855E-02
  0.104584552    
  0.117315710    
  0.130632818    
  0.144321054    
  0.157992318    
  0.171065882    
  0.182771698    
  0.192187116    
  0.198315457    
  0.200207308    
  0.197115049    
  0.188656077    
  0.174948514    
  0.156677842    
  0.135061651    
  0.111701369    
   8.83430690E-02
   6.66001663E-02
   4.77077626E-02
   3.23714465E-02
   2.07431819E-02
   1.25155170E-02
   7.09004235E-03
   3.76093411E-03
   1.86325063E-03
   8.60055152E-04
   3.69051850E-04
   1.46913924E-04
   5.41562113E-05
   1.84556066E-05
   5.80594951E-06
   1.68367876E-06
   4.48303297E-07
   1.04434477E-07
   2.49257015E-09
   1.08158806E-08
   4.12764578E-08
   1.45326382E-07
   4.74000984E-07
   1.43467389E-06
   4.03669401E-06
   1.05789768E-05
   2.58787841E-05
   5.92313736E-05
   1.27167499E-04
   2.56804866E-04
   4.89204656E-04
   8.81778134E-04
   1.50864210E-03
   2.45807320E-03
   3.82689200E-03
   5.71253523E-03
   8.20441730E-03
   1.13765830E-02
   1.52834198E-02
   1.99594107E-02
   2.54228301E-02
   3.16822380E-02
   3.87440138E-02
   4.66188937E-02
   5.53257205E-02
   6.48910850E-02
   7.53440782E-02
   8.67060348E-02
   9.89757627E-02
  0.112111486    
  0.126011670    
  0.140460327    
  0.155061737    
  0.169216976    
  0.182123289    
  0.192808121    
  0.200207308    
  0.203290060    
  0.201221243    
  0.193536416    
  0.180291295    
  0.162141278    
  0.140314177    
  0.116462342    
   9.24148932E-02
   6.98846802E-02
   5.02037816E-02
   3.41555737E-02
   2.19404381E-02
   1.32682575E-02
   7.53250392E-03
   4.00356622E-03
   1.98711618E-03
   9.18804086E-04
   3.94890230E-04
   1.57432922E-04
   5.81137356E-05
   1.98296075E-05
   6.24560244E-06
   1.81316659E-06
   4.83267968E-07
   1.12675188E-07
   1.98561523E-09
   8.61790550E-09
   3.28994680E-08
   1.15888142E-07
   3.78227952E-07
   1.14575244E-06
   3.22717597E-06
   8.46855073E-06
   2.07492212E-05
   4.75818088E-05
   1.02388360E-04
   2.07315883E-04
   3.96150077E-04
   7.16585491E-04
   1.23097107E-03
   2.01481488E-03
   3.15283518E-03
   4.73306188E-03
   6.84017129E-03
   9.54958797E-03
   1.29237808E-02
   1.70116015E-02
   2.18506847E-02
   2.74721459E-02
   3.39061804E-02
   4.11869362E-02
   4.93551493E-02
   5.84572181E-02
   6.85398951E-02
   7.96402395E-02
   9.17709917E-02
  0.104902424    
  0.118942492    
  0.133682966    
  0.148734033    
  0.163497478    
  0.177162245    
  0.188734800    
  0.197115049    
  0.201221243    
  0.200155646    
  0.193386301    
  0.180906117    
  0.163322985    
  0.141841188    
  0.118118092    
   9.40147787E-02
   7.12954253E-02
   5.13513759E-02
   3.50211971E-02
   2.25472115E-02
   1.36637455E-02
   7.77211087E-03
   4.13838262E-03
   2.05747876E-03
   9.52822156E-04
   4.10103996E-04
   1.63718214E-04
   6.05093082E-05
   2.06709447E-05
   6.51758592E-06
   1.89400771E-06
   5.05274500E-07
   1.17896299E-07
   1.55497593E-09
   6.75111433E-09
   2.57848569E-08
   9.08812297E-08
   2.96834116E-07
   9.00019643E-07
   2.53788699E-06
   6.66878987E-06
   1.63659479E-05
   3.76018106E-05
   8.10939455E-05
   1.64625380E-04
   3.15516023E-04
   5.72680729E-04
   9.87584470E-04
   1.62350794E-03
   2.55290512E-03
   3.85317300E-03
   5.60169108E-03
   7.87128601E-03
   1.07272286E-02
   1.42264785E-02
   1.84192564E-02
   2.33524088E-02
   2.90735103E-02
   3.56344208E-02
   4.30929624E-02
   5.15115671E-02
   6.09519817E-02
   7.14655593E-02
   8.30790773E-02
   9.57768038E-02
  0.109480560    
  0.123997897    
  0.138958290    
  0.153784171    
  0.167682931    
  0.179673195    
  0.188656077    
  0.193536416    
  0.193386301    
  0.187627718    
  0.176195741    
  0.159635678    
  0.139093384    
  0.116180547    
   9.27313864E-02
   7.05042258E-02
   5.09032309E-02
   3.47926691E-02
   2.24462058E-02
   1.36285163E-02
   7.76581094E-03
   4.14182944E-03
   2.06233608E-03
   9.56424803E-04
   4.12195834E-04
   1.64754005E-04
   6.09610070E-05
   2.08470865E-05
   6.57950932E-06
   1.91372055E-06
   5.10953214E-07
   1.19303721E-07
   1.18578480E-09
   5.15271292E-09
   1.97008845E-08
   6.95206026E-08
   2.27369341E-07
   6.90424599E-07
   1.95010625E-06
   5.13380473E-06
   1.26250825E-05
   2.90741991E-05
   6.28651323E-05
   1.27987951E-04
   2.46085168E-04
   4.48251376E-04
   7.76057655E-04
   1.28133339E-03
   2.02450110E-03
   3.07166367E-03
   4.49105026E-03
   6.34968141E-03
   8.71109217E-03
   1.16346879E-02
   1.51768317E-02
   1.93932857E-02
   2.43422184E-02
   3.00867353E-02
   3.66958566E-02
   4.42428738E-02
   5.28002419E-02
   6.24303780E-02
   7.31722564E-02
   8.50242153E-02
   9.79244709E-02
  0.111702695    
  0.126019716    
  0.140337542    
  0.153908879    
  0.165798560    
  0.174948514    
  0.180291295    
  0.180906117    
  0.176195741    
  0.166047409    
  0.150932834    
  0.131906658    
  0.110483930    
   8.84108841E-02
   6.73787892E-02
   4.87534404E-02
   3.33909541E-02
   2.15824191E-02
   1.31268939E-02
   7.49206031E-03
   4.00181161E-03
   1.99538423E-03
   9.26566834E-04
   3.99804441E-04
   1.59977979E-04
   5.92544930E-05
   2.02827414E-05
   6.40702365E-06
   1.86506509E-06
   4.98332383E-07
   1.16429455E-07
   8.70280736E-10
   3.78912857E-09
   1.45203147E-08
   5.13634930E-08
   1.68414374E-07
   5.12774022E-07
   1.45240972E-06
   3.83488896E-06
   9.46009095E-06
   2.18567729E-05
   4.74220506E-05
   9.68977183E-05
   1.87022350E-04
   3.42051964E-04
   5.94751793E-04
   9.86495521E-04
   1.56629353E-03
   2.38887058E-03
   3.51221976E-03
   4.99526039E-03
   6.89623458E-03
   9.27227363E-03
   1.21802408E-02
   1.56785641E-02
   1.98294632E-02
   2.47007646E-02
   3.03663723E-02
   3.69045399E-02
   4.43930849E-02
   5.29009737E-02
   6.24759980E-02
   7.31288269E-02
   8.48146453E-02
   9.73894075E-02
  0.110554665    
  0.123828240    
  0.136531904    
  0.147808298    
  0.156677842    
  0.162141278    
  0.163322985    
  0.159635678    
  0.150932834    
  0.137606710    
  0.120593525    
  0.101266056    
   8.12254921E-02
   6.20373599E-02
   4.49787416E-02
   3.08629256E-02
   1.99827105E-02
   1.21732587E-02
   6.95801945E-03
   3.72163136E-03
   1.85802660E-03
   8.63794528E-04
   3.73123068E-04
   1.49451618E-04
   5.54070939E-05
   1.89821003E-05
   6.00094290E-06
   1.74814045E-06
   4.67404760E-07
   1.09265159E-07
   6.05929640E-10
   2.64832778E-09
   1.01930926E-08
   3.62203387E-08
   1.19313384E-07
   3.64991848E-07
   1.03877517E-06
   2.75601860E-06
   6.83183907E-06
   1.58618150E-05
   3.45844201E-05
   7.10158420E-05
   1.37748517E-04
   2.53193342E-04
   4.42471966E-04
   7.37681286E-04
   1.17738254E-03
   1.80538604E-03
   2.66913162E-03
   3.81812360E-03
   5.30288694E-03
   7.17477221E-03
   9.48668830E-03
   1.22945430E-02
   1.56589504E-02
   1.96465310E-02
   2.43301131E-02
   2.97870450E-02
   3.60949188E-02
   4.33241315E-02
   5.15269712E-02
   6.07233532E-02
   7.08842427E-02
   8.18934515E-02
   9.34991986E-02
  0.105286628    
  0.116664939    
  0.126879856    
  0.135061651    
  0.140314177    
  0.141841188    
  0.139093384    
  0.131906658    
  0.120593525    
  0.105953157    
   8.91809314E-02
   7.16867596E-02
   5.48612475E-02
   3.98491360E-02
   2.73896884E-02
   1.77617967E-02
   1.08360387E-02
   6.20202161E-03
   3.32140131E-03
   1.66012207E-03
   7.72611878E-04
   3.34065291E-04
   1.33929483E-04
   4.96944122E-05
   1.70382700E-05
   5.39031453E-06
   1.57130398E-06
   4.20379223E-07
   9.83221682E-08
   3.92651439E-10
   1.72843595E-09
   6.70572797E-09
   2.40219222E-08
   7.97737982E-08
   2.46007033E-07
   7.05727643E-07
   1.88707372E-06
   4.71366548E-06
   1.10254769E-05
   2.42128644E-05
   5.00648057E-05
   9.77605814E-05
   1.80850315E-04
   3.18010658E-04
   5.33366925E-04
   8.56264436E-04
   1.32052938E-03
   1.96343474E-03
   2.82470393E-03
   3.94589501E-03
   5.37041016E-03
   7.14417547E-03
   9.31682996E-03
   1.19430637E-02
   1.50835998E-02
   1.88052449E-02
   2.31793858E-02
   2.82783415E-02
   3.41690518E-02
   4.09037769E-02
   4.85079102E-02
   5.69655895E-02
   6.61877170E-02
   7.59711191E-02
   8.59741196E-02
   9.57040489E-02
  0.104525954    
  0.111701369    
  0.116462342    
  0.118118092    
  0.116180547    
  0.110483930    
  0.101266056    
   8.91809314E-02
   7.52258152E-02
   6.05893843E-02
   4.64534909E-02
   3.37990820E-02
   2.32675094E-02
   1.51103586E-02
   9.23072826E-03
   5.28971758E-03
   2.83605140E-03
   1.41902210E-03
   6.61047292E-04
   2.86083436E-04
   1.14788498E-04
   4.26248844E-05
   1.46247812E-05
   4.62980461E-06
   1.35042774E-06
   3.61486514E-07
   8.45869295E-08
   2.29976233E-10
   1.02605058E-09
   4.03951805E-09
   1.46824819E-08
   4.94534866E-08
   1.54606468E-07
   4.49397362E-07
   1.21685866E-06
   3.07603614E-06
   7.27643101E-06
   1.61492226E-05
   3.37220335E-05
   6.64529362E-05
   1.23977254E-04
   2.19713722E-04
   3.71175935E-04
   5.99897874E-04
   9.30998416E-04
   1.39253901E-03
   2.01491709E-03
   2.83055007E-03
   3.87402135E-03
   5.18271979E-03
   6.79783849E-03
   8.76544882E-03
   1.11372666E-02
   1.39706545E-02
   1.73273813E-02
   2.12706532E-02
   2.58600023E-02
   3.11437193E-02
   3.71488743E-02
   4.38694358E-02
   5.12406491E-02
   5.91061004E-02
   6.71971589E-02
   7.51216784E-02
   8.23696330E-02
   8.83430690E-02
   9.24148932E-02
   9.40147787E-02
   9.27313864E-02
   8.84108841E-02
   8.12254921E-02
   7.16867596E-02
   6.05893843E-02
   4.88899797E-02
   3.75467613E-02
   2.73610316E-02
   1.88624673E-02
   1.22658145E-02
   7.50216423E-03
   4.30399412E-03
   2.30996078E-03
   1.15690229E-03
   5.39417961E-04
   2.33637023E-04
   9.38158555E-05
   3.48614085E-05
   1.19688293E-05
   3.79126391E-06
   1.10644930E-06
   2.96326249E-07
   6.93687454E-08
   1.14973767E-10
   5.27723754E-10
   2.14006635E-09
   7.99980082E-09
   2.76594232E-08
   8.85979006E-08
   2.63374744E-07
   7.28029875E-07
   1.87545209E-06
   4.51340429E-06
   1.01742853E-05
   2.15457403E-05
   4.29956526E-05
   8.11196223E-05
   1.45202663E-04
   2.47483171E-04
   4.03150276E-04
   6.30090712E-04
   9.48495523E-04
   1.38050597E-03
   1.95008237E-03
   2.68322020E-03
   3.60852806E-03
   4.75805998E-03
   6.16818108E-03
   7.88017642E-03
   9.94025636E-03
   1.23986062E-02
   1.53070930E-02
   1.87153202E-02
   2.26647668E-02
   2.71810126E-02
   3.22644077E-02
   3.78704965E-02
   4.38847169E-02
   5.01060188E-02
   5.62373213E-02
   6.18888438E-02
   6.66001663E-02
   6.98846802E-02
   7.12954253E-02
   7.05042258E-02
   6.73787892E-02
   6.20373599E-02
   5.48612475E-02
   4.64534909E-02
   3.75467613E-02
   2.88800150E-02
   2.10754294E-02
   1.45483185E-02
   9.47188865E-03
   5.79978433E-03
   3.33076995E-03
   1.78933155E-03
   8.96942220E-04
   4.18548210E-04
   1.81420794E-04
   7.28990708E-05
   2.71061581E-05
   9.31173508E-06
   2.95120276E-06
   8.61715876E-07
   2.30887821E-07
   5.40705543E-08
   4.15068258E-11
   2.06885731E-10
   9.06268949E-10
   3.61914321E-09
   1.32393705E-08
   4.45111645E-08
   1.37955141E-07
   3.95343562E-07
   1.05072797E-06
   2.59794479E-06
   5.99499162E-06
   1.29544806E-05
   2.63051988E-05
   5.03773081E-05
   9.13363547E-05
   1.57386312E-04
   2.58791610E-04
   4.07728076E-04
   6.18043006E-04
   9.05053166E-04
   1.28551421E-03
   1.77784916E-03
   2.40264065E-03
   3.18330200E-03
   4.14676126E-03
   5.32394322E-03
   6.74979715E-03
   8.46261065E-03
   1.05023449E-02
   1.29077388E-02
   1.57120004E-02
   1.89370606E-02
   2.25866362E-02
   2.66319979E-02
   3.09935473E-02
   3.55284438E-02
   4.00231034E-02
   4.41949330E-02
   4.77077626E-02
   5.02037816E-02
   5.13513759E-02
   5.09032309E-02
   4.87534404E-02
   4.49787416E-02
   3.98491360E-02
   3.37990820E-02
   2.73610316E-02
   2.10754294E-02
   1.54001499E-02
   1.06435288E-02
   6.93733152E-03
   4.25219350E-03
   2.44431081E-03
   1.31426053E-03
   6.59332727E-04
   3.07898939E-04
   1.33551075E-04
   5.36978623E-05
   1.99781971E-05
   6.86677276E-06
   2.17739216E-06
   6.36063021E-07
   1.70497472E-07
   3.99419378E-08
   8.51617876E-13
   2.63980903E-11
   1.99482875E-10
   1.06353704E-09
   4.67442529E-09
   1.78608008E-08
   6.08322779E-08
   1.87367476E-07
   5.26955148E-07
   1.36308086E-06
   3.26233453E-06
   7.26234566E-06
   1.51105896E-05
   2.95235932E-05
   5.44161339E-05
   9.50453177E-05
   1.58034076E-04
   2.51280755E-04
   3.83811072E-04
   5.65663911E-04
   8.07905104E-04
   1.12282927E-03
   1.52435130E-03
   2.02852138E-03
   2.65404512E-03
   3.42265330E-03
   4.35914751E-03
   5.49094193E-03
   6.84691686E-03
   8.45541339E-03
   1.03412364E-02
   1.25216395E-02
   1.50014414E-02
   1.77632459E-02
   2.07547192E-02
   2.38798149E-02
   2.69932114E-02
   2.99011134E-02
   3.23714465E-02
   3.41555737E-02
   3.50211971E-02
   3.47926691E-02
   3.33909541E-02
   3.08629256E-02
   2.73896884E-02
   2.32675094E-02
   1.88624673E-02
   1.45483185E-02
   1.06435288E-02
   7.36425305E-03
   4.80484776E-03
   2.94787670E-03
   1.69601536E-03
   9.12646181E-04
   4.58190567E-04
   2.14114130E-04
   9.29302696E-05
   3.73867915E-05
   1.39171198E-05
   4.78585434E-06
   1.51823997E-06
   4.43695740E-07
   1.18978434E-07
   2.78815975E-08
  -1.67700038E-11
  -5.51282665E-11
  -1.33776115E-10
  -1.91330243E-10
   3.07072257E-10
   3.78820175E-09
   1.87743758E-08
   7.05470882E-08
   2.24702944E-07
   6.32810213E-07
   1.61020148E-06
   3.75214245E-06
   8.08445839E-06
   1.62296947E-05
   3.05560134E-05
   5.42721427E-05
   9.14442498E-05
   1.46939128E-04
   2.26331875E-04
   3.35840625E-04
   4.82352392E-04
   6.73580798E-04
   9.18354432E-04
   1.22698967E-03
   1.61166512E-03
   2.08669272E-03
   2.66856956E-03
   3.37569206E-03
   4.22761450E-03
   5.24373958E-03
   6.44135103E-03
   7.83296861E-03
   9.42311343E-03
   1.12019554E-02
   1.31370332E-02
   1.51673844E-02
   1.71997175E-02
   1.91086680E-02
   2.07431819E-02
   2.19404381E-02
   2.25472115E-02
   2.24462058E-02
   2.15824191E-02
   1.99827105E-02
   1.77617967E-02
   1.51103586E-02
   1.22658145E-02
   9.47188865E-03
   6.93733152E-03
   4.80484776E-03
   3.13790049E-03
   1.92683737E-03
   1.10946095E-03
   5.97453269E-04
   3.00152460E-04
   1.40349963E-04
   6.09500639E-05
   2.45338433E-05
   9.13711574E-06
   3.14351087E-06
   9.97645429E-07
   2.91666765E-07
   7.82385783E-08
   1.83398878E-08
  -2.04638476E-11
  -7.62031271E-11
  -2.36173248E-10
  -6.32323971E-10
  -1.40033174E-09
  -2.20990004E-09
  -4.73849293E-10
   1.38186671E-08
   7.04427947E-08
   2.44135435E-07
   6.99133807E-07
   1.75748676E-06
   3.98938437E-06
   8.31420948E-06
   1.60918844E-05
   2.91811593E-05
   4.99492417E-05
   8.12354629E-05
   1.26293744E-04
   1.88754595E-04
   2.72648380E-04
   3.82516126E-04
   5.23606432E-04
   7.02127873E-04
   9.25502332E-04
   1.20255176E-03
   1.54354586E-03
   1.96003658E-03
   2.46440805E-03
   3.06907156E-03
   3.78525327E-03
   4.62135440E-03
   5.58094028E-03
   6.65885396E-03
   7.83614814E-03
   9.07640345E-03
   1.03232656E-02
   1.15004526E-02
   1.25155170E-02
   1.32682575E-02
   1.36637455E-02
   1.36285163E-02
   1.31268939E-02
   1.21732587E-02
   1.08360387E-02
   9.23072826E-03
   7.50216423E-03
   5.79978433E-03
   4.25219350E-03
   2.94787670E-03
   1.92683737E-03
   1.18412368E-03
   6.82311482E-04
   3.67678324E-04
   1.84831631E-04
   8.64760295E-05
   3.75739655E-05
   1.51317745E-05
   5.63803997E-06
   1.94049858E-06
   6.16083753E-07
   1.80178262E-07
   4.83475731E-08
   1.13361613E-08
  -1.73887710E-11
  -6.71816769E-11
  -2.20519450E-10
  -6.45776044E-10
  -1.67260661E-09
  -3.73571041E-09
  -6.76069645E-09
  -7.90662913E-09
   4.46039294E-09
   6.38804210E-08
   2.49938637E-07
   7.26318774E-07
   1.79207859E-06
   3.93971459E-06
   7.90792728E-06
   1.47149958E-05
   2.56632229E-05
   4.23159981E-05
   6.64626496E-05
   1.00096069E-04
   1.45428989E-04
   2.04964745E-04
   2.81621848E-04
   3.78892903E-04
   5.01004630E-04
   6.53038325E-04
   8.40966764E-04
   1.07156590E-03
   1.35215803E-03
   1.69014977E-03
   2.09232932E-03
   2.56391568E-03
   3.10738431E-03
   3.72024067E-03
   4.39210469E-03
   5.10255201E-03
   5.81963686E-03
   6.49981899E-03
   7.09004235E-03
   7.53250392E-03
   7.77211087E-03
   7.76581094E-03
   7.49206031E-03
   6.95801945E-03
   6.20202161E-03
   5.28971758E-03
   4.30399412E-03
   3.33076995E-03
   2.44431081E-03
   1.69601536E-03
   1.10946095E-03
   6.82311482E-04
   3.93424532E-04
   2.12137122E-04
   1.06702209E-04
   4.99484122E-05
   2.17131928E-05
   8.74823763E-06
   3.26090071E-06
   1.12276098E-06
   3.56586725E-07
   1.04319874E-07
   2.80005157E-08
   6.56694343E-09
  -1.22563730E-11
  -4.81818509E-11
  -1.62201350E-10
  -4.92185181E-10
  -1.34361755E-09
  -3.26689209E-09
  -6.93393254E-09
  -1.22742296E-08
  -1.57475615E-08
  -3.93027078E-09
   5.88246074E-08
   2.50386563E-07
   7.18281626E-07
   1.71108968E-06
   3.60705508E-06
   6.93190941E-06
   1.23604204E-05
   2.07024987E-05
   3.28825481E-05
   4.99264970E-05
   7.29714084E-05
   1.03306913E-04
   1.42448000E-04
   1.92227890E-04
   2.54892133E-04
   3.33170465E-04
   4.30302433E-04
   5.49993245E-04
   6.96277944E-04
   8.73271958E-04
   1.08479161E-03
   1.33383740E-03
   1.62195531E-03
   1.94803975E-03
   2.30676727E-03
   2.68741418E-03
   3.07303062E-03
   3.44036357E-03
   3.76093411E-03
   4.00356622E-03
   4.13838262E-03
   4.14182944E-03
   4.00181161E-03
   3.72163136E-03
   3.32140131E-03
   2.83605140E-03
   2.30996078E-03
   1.78933155E-03
   1.31426053E-03
   9.12646181E-04
   5.97453269E-04
   3.67678324E-04
   2.12137122E-04
   1.14451155E-04
   5.75977392E-05
   2.69751599E-05
   1.17316658E-05
   4.72862439E-06
   1.76325807E-06
   6.07318668E-07
   1.92944981E-07
   5.64628841E-08
   1.51592658E-08
   3.55608809E-09
  -7.54874462E-12
  -2.99723961E-11
  -1.02324670E-10
  -3.16391247E-10
  -8.86493490E-10
  -2.23892505E-09
  -5.04664266E-09
  -9.95714000E-09
  -1.64561840E-08
  -1.99287165E-08
  -5.72952663E-09
   6.06945392E-08
   2.47583671E-07
   6.72781198E-07
   1.51825145E-06
   3.03894944E-06
   5.56309169E-06
   9.48423803E-06
   1.52498305E-05
   2.33539358E-05
   3.43422507E-05
   4.88343576E-05
   6.75629999E-05
   9.14243792E-05
   1.21529367E-04
   1.59243224E-04
   2.06201395E-04
   2.64289294E-04
   3.35574994E-04
   4.22184006E-04
   5.26107906E-04
   6.48942718E-04
   7.91564351E-04
   9.53528972E-04
   1.13228674E-03
   1.32257899E-03
   1.51600945E-03
   1.70098769E-03
   1.86325063E-03
   1.98711618E-03
   2.05747876E-03
   2.06233608E-03
   1.99538423E-03
   1.85802660E-03
   1.66012207E-03
   1.41902210E-03
   1.15690229E-03
   8.96942220E-04
   6.59332727E-04
   4.58190567E-04
   3.00152460E-04
   1.84831631E-04
   1.06702209E-04
   5.75977392E-05
   2.90001954E-05
   1.35879181E-05
   5.91189291E-06
   2.38377629E-06
   8.89195519E-07
   3.06363262E-07
   9.73601217E-08
   2.84988850E-08
   7.65331443E-09
   1.79569637E-09
  -4.15176617E-12
  -1.65901997E-11
  -5.71393176E-11
  -1.78720788E-10
  -5.08501796E-10
  -1.31192535E-09
  -3.05104209E-09
  -6.32700914E-09
  -1.14477459E-08
  -1.71696612E-08
  -1.80284143E-08
   2.29395378E-10
   6.71190605E-08
   2.34955039E-07
   5.85724990E-07
   1.23519806E-06
   2.33279002E-06
   4.05737228E-06
   6.61132572E-06
   1.02167132E-05
   1.51175936E-05
   2.15910186E-05
   2.99665789E-05
   4.06515901E-05
   5.41568370E-05
   7.11168759E-05
   9.22987674E-05
   1.18593576E-04
   1.50985361E-04
   1.90492661E-04
   2.38078675E-04
   2.94528028E-04
   3.60293488E-04
   4.35216090E-04
   5.18157845E-04
   6.06715796E-04
   6.97015959E-04
   7.83678901E-04
   8.60055152E-04
   9.18804086E-04
   9.52822156E-04
   9.56424803E-04
   9.26566834E-04
   8.63794528E-04
   7.72611878E-04
   6.61047292E-04
   5.39417961E-04
   4.18548210E-04
   3.07898939E-04
   2.14114130E-04
   1.40349963E-04
   8.64760295E-05
   4.99484122E-05
   2.69751599E-05
   1.35879181E-05
   6.36917002E-06
   2.77217168E-06
   1.11817451E-06
   4.17234162E-07
   1.43795958E-07
   4.57096831E-08
   1.33832803E-08
   3.59486085E-09
   8.43620451E-10
  -2.06076020E-12
  -8.27094383E-12
  -2.86574549E-11
  -9.03262326E-11
  -2.59586935E-10
  -6.78824830E-10
  -1.60890923E-09
  -3.43223050E-09
  -6.50405241E-09
  -1.06505693E-08
  -1.40465133E-08
  -1.12433991E-08
   9.66483871E-09
   7.03657150E-08
   2.05356898E-07
   4.63714542E-07
   9.08915638E-07
   1.61679202E-06
   2.67267205E-06
   4.16949797E-06
   6.20878927E-06
   8.90563206E-06
   1.23976570E-05
   1.68566621E-05
   2.25005697E-05
   2.96029739E-05
   3.84975283E-05
   4.95746572E-05
   6.32683004E-05
   8.00305352E-05
   1.00292404E-04
   1.24410057E-04
   1.52597539E-04
   1.84805453E-04
   2.20561487E-04
   2.58844811E-04
   2.97994120E-04
   3.35689547E-04
   3.69051850E-04
   3.94890230E-04
   4.10103996E-04
   4.12195834E-04
   3.99804441E-04
   3.73123068E-04
   3.34065291E-04
   2.86083436E-04
   2.33637023E-04
   1.81420794E-04
   1.33551075E-04
   9.29302696E-05
   6.09500639E-05
   3.75739655E-05
   2.17131928E-05
   1.17316658E-05
   5.91189291E-06
   2.77217168E-06
   1.20700179E-06
   4.87007640E-07
   1.81774638E-07
   6.26638581E-08
   1.99244461E-08
   5.83498050E-09
   1.56764846E-09
   3.67949865E-10
  -9.28297586E-13
  -3.73764301E-12
  -1.30060546E-11
  -4.12179943E-11
  -1.19286872E-10
  -3.14827969E-10
  -7.55656815E-10
  -1.64146474E-09
  -3.19837201E-09
  -5.49279111E-09
  -7.99181166E-09
  -8.77132589E-09
  -3.36256067E-09
   1.66090395E-08
   6.46624372E-08
   1.60167204E-07
   3.28223251E-07
   5.98743441E-07
   1.00518639E-06
   1.58370221E-06
   2.37349150E-06
   3.41888858E-06
   4.77315734E-06
   6.50343554E-06
   8.69584892E-06
   1.14596460E-05
   1.49291936E-05
   1.92628231E-05
   2.46375694E-05
   3.12389820E-05
   3.92452857E-05
   4.88055703E-05
   6.00125168E-05
   7.28535742E-05
   8.71468292E-05
   1.02489867E-04
   1.18221833E-04
   1.33415131E-04
   1.46913924E-04
   1.57432922E-04
   1.63718214E-04
   1.64754005E-04
   1.59977979E-04
   1.49451618E-04
   1.33929483E-04
   1.14788498E-04
   9.38158555E-05
   7.28990708E-05
   5.36978623E-05
   3.73867915E-05
   2.45338433E-05
   1.51317745E-05
   8.74823763E-06
   4.72862439E-06
   2.38377629E-06
   1.11817451E-06
   4.87007640E-07
   1.96558062E-07
   7.33846690E-08
   2.53044377E-08
   8.04756795E-09
   2.35726549E-09
   6.33432362E-10
   1.48699331E-10
  -3.80676854E-13
  -1.53641151E-12
  -5.36350565E-12
  -1.70663535E-11
  -4.96442609E-11
  -1.31898215E-10
  -3.19422516E-10
  -7.02569225E-10
  -1.39443657E-09
  -2.46683651E-09
  -3.79030585E-09
  -4.73897632E-09
  -3.75544973E-09
   2.16548535E-09
   1.79459576E-08
   5.06862818E-08
   1.09602077E-07
   2.05647353E-07
   3.50998079E-07
   5.58696058E-07
   8.42769168E-07
   1.21903042E-06
   1.70655505E-06
   2.32961588E-06
   3.11969688E-06
   4.11713563E-06
   5.37195501E-06
   6.94349001E-06
   8.89846160E-06
   1.13071856E-05
   1.42376557E-05
   1.77473739E-05
   2.18731020E-05
   2.66127081E-05
   3.19012797E-05
   3.75918753E-05
   4.34411158E-05
   4.91056780E-05
   5.41562113E-05
   5.81137356E-05
   6.05093082E-05
   6.09610070E-05
   5.92544930E-05
   5.54070939E-05
   4.96944122E-05
   4.26248844E-05
   3.48614085E-05
   2.71061581E-05
   1.99781971E-05
   1.39171198E-05
   9.13711574E-06
   5.63803997E-06
   3.26090071E-06
   1.76325807E-06
   8.89195519E-07
   4.17234162E-07
   1.81774638E-07
   7.33846690E-08
   2.74048428E-08
   9.45186418E-09
   3.00660363E-09
   8.80852891E-10
   2.36739545E-10
   5.55831006E-11
  -1.42363050E-13
  -5.75644729E-13
  -2.01450965E-12
  -6.42984841E-12
  -1.87765012E-11
  -5.01362389E-11
  -1.22220595E-10
  -2.71267814E-10
  -5.45464784E-10
  -9.84550552E-10
  -1.56583535E-09
  -2.10236029E-09
  -2.09108508E-09
  -5.31882816E-10
   4.23666169E-09
   1.46266572E-08
   3.37731727E-08
   6.53925127E-08
   1.13589195E-07
   1.82719972E-07
   2.77429706E-07
   4.02933154E-07
   5.65543360E-07
   7.73367901E-07
   1.03703758E-06
   1.37030611E-06
   1.79036442E-06
   2.31773265E-06
   2.97560769E-06
   3.78856089E-06
   4.78049651E-06
   5.97182407E-06
   7.37591017E-06
   8.99282986E-06
   1.08011573E-05
   1.27512767E-05
   1.47603305E-05
   1.67108901E-05
   1.84556066E-05
   1.98296075E-05
   2.06709447E-05
   2.08470865E-05
   2.02827414E-05
   1.89821003E-05
   1.70382700E-05
   1.46247812E-05
   1.19688293E-05
   9.31173508E-06
   6.86677276E-06
   4.78585434E-06
   3.14351087E-06
   1.94049858E-06
   1.12276098E-06
   6.07318668E-07
   3.06363262E-07
   1.43795958E-07
   6.26638581E-08
   2.53044377E-08
   9.45186418E-09
   3.26060645E-09
   1.03738629E-09
   3.03979453E-10
   8.17111170E-11
   1.91871779E-11
  -4.86004500E-14
  -1.96805368E-13
  -6.90079992E-13
  -2.20791506E-12
  -6.46711374E-12
  -1.73349651E-11
  -4.24724249E-11
  -9.49124876E-11
  -1.92696345E-10
  -3.52867069E-10
  -5.74616243E-10
  -8.06811895E-10
  -8.99104957E-10
  -5.43381951E-10
   7.79263654E-10
   3.82679044E-09
   9.58553148E-09
   1.92214618E-08
   3.40141106E-08
   5.53091120E-08
   8.45276560E-08
   1.23257749E-07
   1.73427836E-07
   2.37536952E-07
   3.18896753E-07
   4.21832311E-07
   5.51790720E-07
   7.15312808E-07
   9.19829347E-07
   1.17324851E-06
   1.48330594E-06
   1.85666295E-06
   2.29777220E-06
   2.80689619E-06
   3.37750134E-06
   3.99411692E-06
   4.63070546E-06
   5.25020141E-06
   5.80594951E-06
   6.24560244E-06
   6.51758592E-06
   6.57950932E-06
   6.40702365E-06
   6.00094290E-06
   5.39031453E-06
   4.62980461E-06
   3.79126391E-06
   2.95120276E-06
   2.17739216E-06
   1.51823997E-06
   9.97645429E-07
   6.16083753E-07
   3.56586725E-07
   1.92944981E-07
   9.73601217E-08
   4.57096831E-08
   1.99244461E-08
   8.04756795E-09
   3.00660363E-09
   1.03738629E-09
   3.30110411E-10
   9.67460417E-11
   2.60096163E-11
   6.10825453E-12
  -1.51503684E-14
  -6.14237326E-14
  -2.15715209E-13
  -6.91521764E-13
  -2.03039517E-12
  -5.45906289E-12
  -1.34282845E-11
  -3.01671188E-11
  -6.16989376E-11
  -1.14208636E-10
  -1.89182933E-10
  -2.73860906E-10
  -3.26724647E-10
  -2.60057975E-10
   7.58274207E-11
   9.00829578E-10
   2.50140886E-09
   5.21527621E-09
   9.41069178E-09
   1.54713398E-08
   2.37984992E-08
   3.48381732E-08
   4.91334404E-08
   6.73942750E-08
   9.05712625E-08
   1.19917274E-07
   1.57021603E-07
   2.03803481E-07
   2.62453341E-07
   3.35312535E-07
   4.24682611E-07
   5.32560648E-07
   6.60305318E-07
   8.08057962E-07
   9.73980377E-07
   1.15362457E-06
   1.33944775E-06
   1.52066923E-06
   1.68367876E-06
   1.81316659E-06
   1.89400771E-06
   1.91372055E-06
   1.86506509E-06
   1.74814045E-06
   1.57130398E-06
   1.35042774E-06
   1.10644930E-06
   8.61715876E-07
   6.36063021E-07
   4.43695740E-07
   2.91666765E-07
   1.80178262E-07
   1.04319874E-07
   5.64628841E-08
   2.84988850E-08
   1.33832803E-08
   5.83498050E-09
   2.35726549E-09
   8.80852891E-10
   3.03979453E-10
   9.67460417E-11
   2.83577432E-11
   7.62484346E-12
   1.79086520E-12
  -4.29901620E-15
  -1.74462360E-14
  -6.13477707E-14
  -1.96971549E-13
  -5.79453911E-13
  -1.56176179E-12
  -3.85372073E-12
  -8.69359359E-12
  -1.78823414E-11
  -3.33752609E-11
  -5.59932517E-11
  -8.28442731E-11
  -1.03373567E-10
  -9.45995643E-11
  -1.68111705E-11
   1.88637952E-10
   5.98218086E-10
   1.30184441E-09
   2.39696840E-09
   3.98419520E-09
   6.16770235E-09
   9.06261910E-09
   1.28094557E-08
   1.75934627E-08
   2.36651534E-08
   3.13575796E-08
   4.10961150E-08
   5.33971303E-08
   6.88525077E-08
   8.80973943E-08
   1.11758936E-07
   1.40384969E-07
   1.74353929E-07
   2.13719545E-07
   2.58006452E-07
   3.06039794E-07
   3.55813484E-07
   4.04449139E-07
   4.48303297E-07
   4.83267968E-07
   5.05274500E-07
   5.10953214E-07
   4.98332383E-07
   4.67404760E-07
   4.20379223E-07
   3.61486514E-07
   2.96326249E-07
   2.30887821E-07
   1.70497472E-07
   1.18978434E-07
   7.82385783E-08
   4.83475731E-08
   2.80005157E-08
   1.51592658E-08
   7.65331443E-09
   3.59486085E-09
   1.56764846E-09
   6.33432362E-10
   2.36739545E-10
   8.17111170E-11
   2.60096163E-11
   7.62484346E-12
   2.05042212E-12
   4.81636703E-13
  -1.05460398E-15
  -4.28292935E-15
  -1.50749808E-14
  -4.84590531E-14
  -1.42765479E-13
  -3.85489275E-13
  -9.53440560E-13
  -2.15749315E-12
  -4.45650591E-12
  -8.36733807E-12
  -1.41654284E-11
  -2.12765222E-11
  -2.73386765E-11
  -2.70677508E-11
  -1.12339140E-11
   3.38549119E-11
   1.26065838E-10
   2.86359381E-10
   5.37331901E-10
   9.02121267E-10
   1.40447010E-09
   2.07047357E-09
   2.93203883E-09
   4.03154665E-09
   5.42681322E-09
   7.19528392E-09
   9.43645695E-09
   1.22716539E-08
   1.58404454E-08
   2.02930917E-08
   2.57785171E-08
   3.24275184E-08
   4.03315568E-08
   4.95063368E-08
   5.98439129E-08
   7.10725061E-08
   8.27252435E-08
   9.41300939E-08
   1.04434477E-07
   1.12675188E-07
   1.17896299E-07
   1.19303721E-07
   1.16429455E-07
   1.09265159E-07
   9.83221682E-08
   8.45869295E-08
   6.93687454E-08
   5.40705543E-08
   3.99419378E-08
   2.78815975E-08
   1.83398878E-08
   1.13361613E-08
   6.56694343E-09
   3.55608809E-09
   1.79569637E-09
   8.43620451E-10
   3.67949865E-10
   1.48699331E-10
   5.55831006E-11
   1.91871779E-11
   6.10825453E-12
   1.79086520E-12
   4.81636703E-13
   1.13144337E-13
